1 52.965995381515626 65.94834123236038 5.079847817185456
2 29.89522708374918 41.63355558595695 3.546804434560374
3 75.85237838480666 90.12515176281907 6.314480681214991
4 21.307534303936507 21.845380631856905 40.61639821233493
5 22.878068539199106 30.790426858620283 3.8914348435211834
6 63.577424996815985 73.19047035414064 7.613661189934278
7 87.13724772809978 103.04019832612637 6.479313237564401
8 -1.7763568394002505e-15 12.349421581415092 0.9999999999999999
9 6.707190292792559 17.336254661850354 1.6310235840059282
10 43.01562109488689 55.36816898975146 4.482327812934053
Average Turnaround time = 51.162736998489756
Average Weighted turnaround time = 8.06552918132556
